start=9052.872000
volume=45.000000
